60
0 2755 2265
1 2455 2265
2 2455 2090
3 2220 2090
4 2220 1890
5 2110 2090
6 2110 1890
7 2010 2090
8 2010 1890
9 1910 2090
10 1910 1890
11 1780 2090
12 1780 1890
13 1680 2090
14 1680 1890
15 1570 2090
16 1570 1890
17 1460 2090
18 1460 1890
19 1350 2090
20 1350 1890
21 1230 2090
22 1230 1890
23 1120 2090
24 1120 1890
25 1020 2090
26 1020 1890
27 910 2090
28 910 1890
29 800 2090
30 800 1890
31 2455 2465
32 2220 2465
33 2220 2710
34 2110 2465
35 2110 2710
36 2010 2465
37 2010 2710
38 1910 2465
39 1910 2710
40 1780 2465
41 1780 2710
42 1680 2465
43 1680 2710
44 1570 2465
45 1570 2710
46 1460 2465
47 1460 2710
48 1350 2465
49 1350 2710
50 1230 2465
51 1230 2710
52 1120 2465
53 1120 2710
54 1020 2465
55 1020 2710
56 910 2465
57 910 2710
58 800 2465
59 800 2710
